#col0row7[msb-lsb],col0row6[msb-lst],....,col0row0[msb-lst]#
#col1row7[msb-lsb],col1row6[msb-lst],....,col1row0[msb-lst]#
#................#
10111001100110101001100110011100
00011100001100000111111101111101
10011001001010100000010010010111
00100111101110111001110101000110
00111100100100101010100111110111
01111101000010010001111001001100
01110101110111001110111001101001
00010111100111100111100110101010
11011001100110011001110011001001
00010011010000101100011101110100
11101111010111011010000111011111
00110001110111101100011010100100
01111101110000101001110001110101
00111011011100011111101001000110
01111100110111111010111001111001
01100000000000000111000100001101
10011001100110011100101110011001
00110111110100001001010110111110
01000100101001011010100111100101
01001010110011001010010110010001
00111101011001111001000100111101
00001001010010101101110111100111
01111011000100011110100101111001
00101001110011111101001000011100
10011001100111011011110111001010
00011100101001110111101100100011
00011101010100010000000110110100
11110111010100001100010101001101
00001111110011110001000001110111
01001101010011100011000010011011
10100111000000111101010101010001
11010111111100111110010100101101
10011100100110011101100110011001
01110011111001110010000100011111
01110011011100010100001111100110
00100111011101100001011111110111
01000000000010110110110101110011
11010000011101111110000010010010
00100100000000011101000001001111
00000011000000000111011000001101
10101010100110011001101010011010
01110000100101111101010111001110
01110101000001111110110011000111
10011100100101001001010000010111
00111111011110100111011100111111
10011001011101111100000001010110
00011110011100001110100101111001
11111110110010100100011011110000
10011001101110111001100111011100
10011011110001110110101111011110
00100011011101001111000010111011
11110111100100001001000000001101
00011110110111011101000011110111
00111010110101101001011110011011
11100110000111011010011101110101
01111001001011011111011111001001
10011001100110111001110110011001
11001010001101010110101111100001
01110011011110010101111000010000
10110111000001000111111100100011
00100000110011000101011100110101
01111111001001110000011111001111
10101101010001101011011001000000
01111001011100000101011111010010
10111001100110011001100110011001
00111001101101101011111000111101
01110011000010011010101111010000
10110100001001000001101011010110
11101110000111010111001011010010
11110010001101001101011101111101
10110000010001101001111101101110
00001001001111000101011101110110
