#time0col7[msb-lsb],time0col6[msb-lst],....,time0col0[msb-lst]#
#time1col7[msb-lsb],time1col6[msb-lst],....,time1col0[msb-lst]#
#................#
17 -10 31 -8 50 -18 -4 21 
-21 67 15 70 -42 -15 35 9 
-65 76 15 46 -56 -16 60 -40 
-7 22 2 -19 2 -15 12 -27 
-16 -60 48 -47 91 -23 0 12 
-46 -10 43 0 45 -59 6 11 
-61 -32 74 11 1 -49 -1 -36 
-8 -67 17 -41 9 -35 -25 -22 
-5 -34 53 -57 76 -32 13 1 
-69 32 51 10 46 -62 41 16 
-84 2 85 -10 35 -75 -10 -25 
-1 -37 2 -34 -3 -35 -37 -14 
3 1 31 -24 19 -21 5 13 
-48 10 68 -3 15 -33 55 23 
-60 -45 82 -19 17 -34 28 4 
-2 -38 8 -34 -33 -25 -19 13 
